1 2791
1 2168
1 2869
1 424
1 3325
-1
-1
-1
-1
-1
1 3261
1 2774
1 242
1 2271
1 973
1 1056
1 3893
1 1517
1 509
1 2737
1 4356
1 4316
-1
-1
-1
-1
-1
-1
-1
-1
-1
-1
-1
-1
1 951
1 302
1 3175
1 3731
1 2235
1 2409
1 352
1 3652
1 2934
1 1913
1 2453
-1
-1
-1
-1
1 3208
1 3906
1 3773
1 511
1 586
1 1154
1 935
-1
-1
-1
-1
-1
-1
-1
-1
-1
-1
-1
-1
-1
-1
-1
-1
-1
1 3911
1 58
1 2578
-1
1 4153
1 1198
-1
1 2421
1 4079
1 734
-1
1 3938
1 3457
1 3471
1 2806
-1
-1
-1
-1
-1
-1
-1
-1
-1
-1
1 3416
1 3292
1 3109
1 1103
1 2666
1 987
1 3512
1 3018
1 282
1 958
1 3800
1 1604
1 3035
-1
-1
-1
-1
-1
-1
1 3349
1 4246
1 3546
1 2804
1 1043
1 3351
1 2359
1 4328
1 1572
1 1024
1 1169
1 2862
1 746
1 1904
1 2443
1 4203
1 4244
-1
-1
-1
-1
-1
-1
-1
-1
-1
1 893
1 2131
1 3179
1 2871
1 3234
1 357
1 3858
-1
-1
-1
-1
-1
-1
-1
-1
-1
-1
-1
-1
-1
-1
-1
-1
-1
1 5704
3
0
